0            10            0
1            10.0001            0.4
2            10.0082            0.8
3            10.0242            1.2
4            10.0483            1.6
5            10.0804            2
6            10.1205            2.4
7            10.1686            2.8
8            10.2246            3.2
9            10.2887            3.6
10            10.3608            4
11            10.4409            4.4
12            10.529            4.8
13            10.625            5.2
14            10.7291            5.6
15            10.8412            6
16            10.9613            6.4
17            11.0894            6.8
18            11.2254            7.2
19            11.3695            7.6
20            11.5216            8
21            11.6817            8.4
22            11.8498            8.8
23            12.0258            9.2
24            12.2099            9.6
25            12.402            10
26            12.6021            10.4
27            12.8102            10.8
28            13.0262            11.2
29            13.2503            11.6
30            13.4824            12
31            13.7225            12.4
32            13.9706            12.8
33            14.2266            13.2
34            14.4907            13.6
35            14.7628            14
36            15.0429            14.4
37            15.331            14.8
38            15.627            15.2
39            15.9311            15.6
40            16.2432            16
41            16.5633            16.4
42            16.8914            16.8
43            17.2274            17.2
44            17.5715            17.6
45            17.9236            18
46            18.2837            18.4
47            18.6518            18.8
48            19.0278            19.2
49            19.4119            19.6
50            19.804            20
51            20.2041            20
52            20.6041            20
53            21.0041            20
54            21.4041            20
55            21.8041            20
56            22.2041            20
57            22.6041            20
58            23.0041            20
59            23.4041            20
60            23.8041            20
61            24.2041            20
62            24.6041            20
63            25.0041            20
64            25.4041            20
65            25.8041            20
66            26.2041            20
67            26.6041            20
68            27.0041            20
69            27.4041            20
70            27.8041            20
71            28.2041            20
72            28.6041            20
73            29.0041            20
74            29.4041            20
75            29.8041            20
76            30.2041            20
77            30.6041            20
78            31.0041            20
79            31.4041            20
80            31.8041            20
81            32.2041            20
82            32.6041            20
83            33.0041            20
84            33.4041            20
85            33.8041            20
86            34.2041            20
87            34.6041            20
88            35.0041            20
89            35.4041            20
90            35.8041            20
91            36.2041            20
92            36.6041            20
93            37.0041            20
94            37.4041            20
95            37.8041            20
96            38.2041            20
97            38.6041            20
98            39.0041            20
99            39.4041            20
100            39.8041            20
101            40.2041            20
102            40.6041            20
103            41.004            19.8
104            41.4            19.6
105            41.792            19.4
106            42.1799            19.2
107            42.5639            19
108            42.9438            18.8
109            43.3198            18.6
110            43.6918            18.4
111            44.0597            18.2
112            44.4237            18
113            44.7836            17.8
114            45.1396            17.6
115            45.4916            17.4
116            45.8395            17.2
117            46.1835            17
118            46.5234            16.8
119            46.8594            16.6
120            47.1914            16.4
121            47.5193            16.2
122            47.8433            16
123            48.1632            15.8
124            48.4792            15.6
125            48.7912            15.4
126            49.0991            15.2
127            49.4031            15
128            49.703            14.8
129            49.999            14.6
130            50.291            14.4
131            50.5789            14.2
132            50.8629            14
133            51.1428            13.8
134            51.4188            13.6
135            51.6908            13.4
136            51.9587            13.2
137            52.2227            13
138            52.4826            12.8
139            52.7386            12.6
140            52.9906            12.4
141            53.2385            12.2
142            53.4825            12
143            53.7224            11.8
144            53.9584            11.6
145            54.1904            11.4
146            54.4183            11.2
147            54.6423            11
148            54.8622            10.8
149            55.0782            10.6
150            55.2902            10.4
151            55.4981            10.2
152            55.7021            10
153            55.902            9.8
154            56.098            9.6
155            56.29            9.4
156            56.4779            9.2
157            56.6619            9
158            56.8418            8.8
159            57.0178            8.6
160            57.1898            8.4
161            57.3577            8.2
162            57.5217            8
163            57.6816            7.8
164            57.8376            7.6
165            57.9896            7.4
166            58.1375            7.2
167            58.2815            7
168            58.4214            6.8
169            58.5574            6.6
170            58.6894            6.4
171            58.8173            6.2
172            58.9413            6
173            59.0612            5.8
174            59.1772            5.6
175            59.2892            5.4
176            59.3971            5.2
177            59.5011            5
178            59.601            4.8
179            59.697            4.6
180            59.789            4.4
181            59.8769            4.2
182            59.9609            4
183            60.0408            3.8
184            60.1168            3.6
185            60.1888            3.4
186            60.2567            3.2
187            60.3207            3
188            60.3806            2.8
189            60.4366            2.6
190            60.4886            2.4
191            60.5365            2.2
192            60.5805            2
193            60.6204            1.8
194            60.6564            1.6
195            60.6884            1.4
196            60.7163            1.2
197            60.7403            1
198            60.7602            0.8
199            60.7762            0.6
200            60.7882            0.4
201            60.7961            0.2
202            60.8001            3.7581e-014
203            60.8            0
204            60.8001            0.4
205            60.8082            0.8
206            60.8243            1.2
207            60.8484            1.6
208            60.8804            2
209            60.9205            2.4
210            60.9686            2.8
211            61.0247            3.2
212            61.0888            3.6
213            61.1608            4
214            61.2409            4.4
215            61.329            4.8
216            61.4251            5.2
217            61.5292            5.6
218            61.6412            6
219            61.7613            6.4
220            61.8894            6.8
221            62.0255            7.2
222            62.1696            7.6
223            62.3216            8
224            62.4817            8.4
225            62.6498            8.8
226            62.8259            9.2
227            63.01            9.6
228            63.202            10
229            63.4021            10.4
230            63.6102            10.8
231            63.8263            11.2
232            64.0504            11.6
233            64.2824            12
234            64.5225            12.4
235            64.7706            12.8
236            65.0267            13.2
237            65.2908            13.6
238            65.5628            14
239            65.8429            14.4
240            66.131            14.8
241            66.4271            15.2
242            66.7312            15.6
243            67.0432            16
244            67.3633            16.4
245            67.6914            16.8
246            68.0275            17.2
247            68.3716            17.6
248            68.7236            18
249            69.0837            18.4
250            69.4518            18.8
251            69.8279            19.2
252            70.212            19.6
253            70.604            20
254            71.0041            20
255            71.4041            20
256            71.8041            20
257            72.2041            20
258            72.6041            20
259            73.0041            20
260            73.4041            20
261            73.8041            20
262            74.2041            20
263            74.6041            20
264            75.0041            20
265            75.4041            20
266            75.8041            20
267            76.2041            20
268            76.6041            20
269            77.0041            20
270            77.4041            20
271            77.8041            20
272            78.2041            20
273            78.6041            20
274            79.0041            20
275            79.4041            20
276            79.8041            20
277            80.2041            20
278            80.6041            20
279            81.0041            20
280            81.4041            20
281            81.8041            20
282            82.2041            20
283            82.6041            20
284            83.0041            20
285            83.4041            20
286            83.8041            20
287            84.2041            20
288            84.6041            20
289            85.0041            20
290            85.4041            20
291            85.8041            20
292            86.2041            20
293            86.6041            20
294            87.0041            20
295            87.4041            20
296            87.8041            20
297            88.2041            20
298            88.6041            20
299            89.0041            20
300            89.4041            20
301            89.8041            20
302            90.2041            20
303            90.6041            19.8
304            91            19.6
305            91.392            19.4
306            91.78            19.2
307            92.1639            19
308            92.5439            18.8
309            92.9198            18.6
310            93.2918            18.4
311            93.6598            18.2
312            94.0237            18
313            94.3837            17.8
314            94.7396            17.6
315            95.0916            17.4
316            95.4396            17.2
317            95.7835            17
318            96.1235            16.8
319            96.4594            16.6
320            96.7914            16.4
321            97.1194            16.2
322            97.4433            16
323            97.7633            15.8
324            98.0792            15.6
325            98.3912            15.4
326            98.6992            15.2
327            99.0031            15
328            99.3031            14.8
329            99.599            14.6
330            99.891            14.4
331            100.179            14.2
332            100.463            14
333            100.743            13.8
334            101.019            13.6
335            101.291            13.4
336            101.559            13.2
337            101.823            13
338            102.083            12.8
339            102.339            12.6
340            102.591            12.4
341            102.839            12.2
342            103.083            12
343            103.322            11.8
344            103.558            11.6
345            103.79            11.4
346            104.018            11.2
347            104.242            11
348            104.462            10.8
349            104.678            10.6
350            104.89            10.4
351            105.098            10.2
352            105.302            10
353            105.502            9.8
354            105.698            9.6
355            105.89            9.4
356            106.078            9.2
357            106.262            9
358            106.442            8.8
359            106.618            8.6
360            106.79            8.4
361            106.958            8.2
362            107.122            8
363            107.282            7.8
364            107.438            7.6
365            107.59            7.4
366            107.738            7.2
367            107.882            7
368            108.021            6.8
369            108.157            6.6
370            108.289            6.4
371            108.417            6.2
372            108.541            6
373            108.661            5.8
374            108.777            5.6
375            108.889            5.4
376            108.997            5.2
377            109.101            5
378            109.201            4.8
379            109.297            4.6
380            109.389            4.4
381            109.477            4.2
382            109.561            4
383            109.641            3.8
384            109.717            3.6
385            109.789            3.4
386            109.857            3.2
387            109.921            3
388            109.981            2.8
389            110.037            2.6
390            110.089            2.4
391            110.137            2.2
392            110.181            2
393            110.22            1.8
394            110.256            1.6
395            110.288            1.4
396            110.316            1.2
397            110.34            1
398            110.36            0.8
399            110.376            0.6
400            110.388            0.4
401            110.396            0.2
402            110.4            3.7581e-014
403            110.4            0
