0            1000            0
1            1000            0.4
2            1000.02            0.8
3            1000.04            1.2
4            1000.06            1.6
5            1000.1            2
6            1000.14            2.4
7            1000.2            2.8
8            1000.26            3.2
9            1000.32            3.6
10            1000.4            4
11            1000.48            4.4
12            1000.58            4.8
13            1000.68            5.2
14            1000.78            5.6
15            1000.9            6
16            1001.02            6.4
17            1001.15            6.2
18            1001.27            6
19            1001.39            5.8
20            1001.5            5.6
21            1001.61            5.4
22            1001.72            5.2
23            1001.82            5
24            1001.92            4.8
25            1002.01            4.6
26            1002.1            4.4
27            1002.19            4.2
28            1002.27            4
29            1002.35            3.8
30            1002.42            3.6
31            1002.49            3.4
32            1002.56            3.2
33            1002.62            3
34            1002.68            2.8
35            1002.73            2.6
36            1002.78            2.4
37            1002.83            2.2
38            1002.87            2
39            1002.91            1.8
40            1002.94            1.6
41            1002.97            1.4
42            1003            1.2
43            1003.02            1
44            1003.04            0.8
45            1003.05            0.6
46            1003.06            0.4
47            1003.07            0.2
48            1003.07            0
49            1003.27            0.4
50            1003.47            0.8
51            1003.68            1.2
52            1003.9            1.6
53            1004.13            2
54            1004.37            2.4
55            1004.61            2.8
56            1004.86            3.2
57            1005.12            3.6
58            1005.39            4
59            1005.67            4.4
60            1005.95            4.8
61            1006.24            5.2
62            1006.54            5.6
63            1006.85            6
64            1007.17            6.4
65            1007.49            6.8
66            1007.82            7.2
67            1008.16            7.6
68            1008.51            8
69            1008.87            8.4
70            1009.23            8.8
71            1009.6            9.2
72            1009.98            9.6
73            1010.37            10
74            1010.77            10.4
75            1011.17            10.8
76            1011.58            11.2
77            1012            11.6
78            1012.23            11.4
79            1012.46            11.2
80            1012.68            11
81            1012.9            10.8
82            1013.11            10.6
83            1013.32            10.4
84            1013.53            10.2
85            1013.73            10
86            1013.93            9.8
87            1014.12            9.6
88            1014.31            9.4
89            1014.5            9.2
90            1014.68            9
91            1014.86            8.8
92            1015.03            8.6
93            1015.2            8.4
94            1015.37            8.2
95            1015.53            8
96            1015.69            7.8
97            1015.84            7.6
98            1015.99            7.4
99            1016.14            7.2
100            1016.28            7
101            1016.42            6.8
102            1016.55            6.6
103            1016.68            6.4
104            1016.81            6.2
105            1016.93            6
106            1017.05            5.8
107            1017.16            5.6
108            1017.27            5.4
109            1017.38            5.2
110            1017.48            5
111            1017.58            4.8
112            1017.67            4.6
113            1017.76            4.4
114            1017.85            4.2
115            1017.93            4
116            1018.01            3.8
117            1018.08            3.6
118            1018.15            3.4
119            1018.22            3.2
120            1018.28            3
121            1018.34            2.8
122            1018.39            2.6
123            1018.44            2.4
124            1018.49            2.2
125            1018.53            2
126            1018.57            1.8
127            1018.6            1.6
128            1018.63            1.4
129            1018.66            1.2
130            1018.68            1
131            1018.7            0.8
132            1018.71            0.6
133            1018.72            0.4
134            1018.73            0.2
135            1018.73            7.77156e-016
136            1018.73            0
137            1019.28            0.4
138            1019.83            0.8
139            1020.4            1.2
140            1020.97            1.6
141            1021.55            2
142            1022.14            2.4
143            1022.73            2.8
144            1023.34            3.2
145            1023.95            3.6
146            1024.57            4
147            1025.2            4.4
148            1025.83            4.8
149            1026.48            5.2
150            1027.13            5.6
151            1027.79            6
152            1028.46            6.4
153            1029.13            6.8
154            1029.82            7.2
155            1030.51            7.6
156            1031.21            8
157            1031.92            8.4
158            1032.63            8.8
159            1033.36            9.2
160            1034.09            9.6
161            1034.83            10
162            1035.58            10.4
163            1036.33            10.8
164            1037.1            11.2
165            1037.87            11.6
166            1038.65            12
167            1039.44            12.4
168            1040.23            12.8
169            1041.04            13.2
170            1041.85            13.6
171            1042.67            14
172            1043.5            14.4
173            1044.33            14.8
174            1045.18            15.2
175            1046.03            15.6
176            1046.89            16
177            1047.76            16.4
178            1048.63            16.8
179            1049.52            17.2
180            1050.41            17.6
181            1051.31            18
182            1052.22            18.4
183            1053.13            18.8
184            1054.06            19.2
185            1054.99            19.6
186            1055.93            20
187            1056.33            20
188            1056.73            20
189            1057.13            20
190            1057.53            20
191            1057.93            20
192            1058.33            20
193            1058.73            20
194            1059.13            20
195            1059.53            20
196            1059.93            20
197            1060.33            20
198            1060.73            20
199            1061.13            20
200            1061.53            20
201            1061.93            20
202            1062.33            20
203            1062.73            20
204            1063.13            20
205            1063.53            20
206            1063.93            20
207            1064.33            20
208            1064.73            20
209            1065.13            20
210            1065.53            20
211            1065.93            20
212            1066.33            20
213            1066.73            20
214            1067.13            20
215            1067.53            20
216            1067.93            20
217            1068.33            20
218            1068.73            20
219            1069.13            20
220            1069.53            20
221            1069.93            20
222            1070.33            20
223            1070.73            20
224            1071.13            20
225            1071.53            20
226            1071.93            20
227            1072.33            20
228            1072.73            20
229            1073.13            20
230            1073.53            20
231            1073.93            20
232            1074.33            20
233            1074.73            20
234            1075.13            20
235            1075.53            20
236            1075.93            20
237            1076.33            20
238            1076.73            20
239            1077.13            20
240            1077.53            20
241            1077.93            20
242            1078.33            20
243            1078.73            20
244            1079.13            20
245            1079.53            20
246            1079.93            20
247            1080            20
248            1080.4            19.8
249            1080.79            19.6
250            1081.18            19.4
251            1081.57            19.2
252            1081.95            19
253            1082.33            18.8
254            1082.7            18.6
255            1083.07            18.4
256            1083.44            18.2
257            1083.8            18
258            1084.16            17.8
259            1084.51            17.6
260            1084.86            17.4
261            1085.21            17.2
262            1085.55            17
263            1085.89            16.8
264            1086.22            16.6
265            1086.55            16.4
266            1086.88            16.2
267            1087.2            16
268            1087.52            15.8
269            1087.83            15.6
270            1088.14            15.4
271            1088.45            15.2
272            1088.75            15
273            1089.05            14.8
274            1089.34            14.6
275            1089.63            14.4
276            1089.92            14.2
277            1090.2            14
278            1090.48            13.8
279            1090.75            13.6
280            1091.02            13.4
281            1091.29            13.2
282            1091.55            13
283            1091.81            12.8
284            1092.06            12.6
285            1092.31            12.4
286            1092.56            12.2
287            1092.8            12
288            1093.04            11.8
289            1093.27            11.6
290            1093.5            11.4
291            1093.73            11.2
292            1093.95            11
293            1094.17            10.8
294            1094.38            10.6
295            1094.59            10.4
296            1094.8            10.2
297            1095            10
298            1095.2            9.8
299            1095.39            9.6
300            1095.58            9.4
301            1095.77            9.2
302            1095.95            9
303            1096.13            8.8
304            1096.3            8.6
305            1096.47            8.4
306            1096.64            8.2
307            1096.8            8
308            1096.96            7.8
309            1097.11            7.6
310            1097.26            7.4
311            1097.41            7.2
312            1097.55            7
313            1097.69            6.8
314            1097.82            6.6
315            1097.95            6.4
316            1098.08            6.2
317            1098.2            6
318            1098.32            5.8
319            1098.43            5.6
320            1098.54            5.4
321            1098.65            5.2
322            1098.75            5
323            1098.85            4.8
324            1098.94            4.6
325            1099.03            4.4
326            1099.12            4.2
327            1099.2            4
328            1099.28            3.8
329            1099.35            3.6
330            1099.42            3.4
331            1099.49            3.2
332            1099.55            3
333            1099.61            2.8
334            1099.66            2.6
335            1099.71            2.4
336            1099.76            2.2
337            1099.8            2
338            1099.84            1.8
339            1099.87            1.6
340            1099.9            1.4
341            1099.93            1.2
342            1099.95            1
343            1099.97            0.8
344            1099.98            0.6
345            1099.99            0.4
346            1100            0.2
347            1100            0
